0 0 0 0 02202002202022002211112200000000
0 0 0 1 00220200220202223300223300000000
0 0 0 2 00022020022020221122111122000000
0 0 0 3 00002202002202002233002233000000
0 0 0 4 00000220200220223311221111220000
0 0 0 5 00000022020022001122330022330000
0 0 0 6 00000002202002222233112211112200
0 0 0 7 00000000220200221111223300223300
0 0 1 0 11222211222233122002022000000000
0 0 1 1 01122221122223302200202200000000
0 0 1 2 00112222112222320220020220000000
0 0 1 3 00011222211222222022002022000000
0 0 1 4 00001122221122202202200202200000
0 0 1 5 00000112222112220220220020220000
0 0 1 6 00000011222211202022022002022000
0 0 1 7 00000001122221120202202200202200
0 1 0 0 00222200220000222211111111222233
0 1 0 1 00022220022000000222222223333111
0 1 0 2 00002222002200000022222222333311
0 1 0 3 00000222200220000333311111111222
0 1 0 4 00000022220022000033331111111122
0 1 0 5 00000002222002222111122222222333
0 1 0 6 00000000222200222211112222222233
0 1 0 7 00000000022220000000033331111111
0 1 1 0 11112222222211112200220022220022
0 1 1 1 01111222222221122220022002222002
0 1 1 2 00111122222222112222002200222200
0 1 1 3 00011112222222200222200220022220
0 1 1 4 00001111222222220022220022002222
0 1 1 5 00000111122222200002222002200222
0 1 1 6 00000011112222220000222200220022
0 1 1 7 00000001111222222000022220022002
1 0 0 0 02202002202022112211112200000000
1 0 0 1 00220200220202223300223300000000
1 0 0 2 00022020022020331122111122000000
1 0 0 3 00002202002202112233002233000000
1 0 0 4 00000220200220223311221111220000
1 0 0 5 00000022020022111122330022330000
1 0 0 6 00000002202002222233112211112200
1 0 0 7 00000000220200331111223300223300
1 0 1 0 11222211222233022002022000000000
1 0 1 1 01122221122223202200202200000000
1 0 1 2 00112222112222220220020220000000
1 0 1 3 00011222211222022022002022000000
1 0 1 4 00001122221122202202200202200000
1 0 1 5 00000112222112020220220020220000
1 0 1 6 00000011222211202022022002022000
1 0 1 7 00000001122221220202202200202200
1 1 0 0 00222200220000333311111111222233
1 1 0 1 00022220022000000222222223333111
1 1 0 2 00002222002200111122222222333311
1 1 0 3 00000222200220000333311111111222
1 1 0 4 00000022220022000033331111111122
1 1 0 5 00000002222002222111122222222333
1 1 0 6 00000000222200222211112222222233
1 1 0 7 00000000022220000000033331111111
1 1 1 0 11112222222211222200220022220022
1 1 1 1 01111222222221122220022002222002
1 1 1 2 00111122222222002222002200222200
1 1 1 3 00011112222222200222200220022220
1 1 1 4 00001111222222000022220022002222
1 1 1 5 00000111122222200002222002200222
1 1 1 6 00000011112222220000222200220022
1 1 1 7 00000001111222222000022220022002
